1136272843
112753
1551020603
1482466533
100000318175106
12500388
100001318636153
12501587
649895105
674341208
827609767
1239666
709280388
526220915
37200030
1136272843
1136272843
688425019
12500718
698396646
600601577
731468776
823807
502945301
707214730
618454902
2906919
690447904
511645656
112753
112753
3802944
669630284
100000194287367
1380120153
100006432733209
791394677
1551020603
1551020603
650057463
1018524451
611732681
901156
522235931
185103369
4503669
100000155248596
666617992
65500954
796285486
541211611
1482466533
1482466533
1224609928
1720158805
3430802
10212210
653551039
100000318175106
100000318175106
500888105
11506480
596006212
100007817143105
508783938
1263638108
82300188
12500333
1483130120
563860892
1062900272
631361131
43102576
42114141
753535653
1014715185
604166695
100000287750370
664438563
100001422710709
1344412633
29475
535386193
1004171
657668779
635487495
710354664
614275179
639082938
503855880
100000958516047
100003933199852
1670
1227212205
1620046946
561066209
720222039
734664539
540394391
15704231
1262374602
651445922
615168209
416003
1656229567
626594677
536975277
1407821
17401719
1047164273
1300794699
843355146
658744760
1508650043
1358273252
502176558
1472902049
1512464181
1914440
1375434831
8400055
1396954046
1074218752
628079652
740039920
100000464974915
1627947344
583956262
516445224
100001087182541
1163261865
8400847
783650787
586699972
1001976622
1387467038
100005619728167
4302465
583702148
886350146
768913877
739884801
1657607819
603912027
716546829
526133659
100000129766675
535197498
12500388
12500388
1307820334
723580841
691089418
100004033212214
693334396
694251916
791533568
100000119576859
515356917
870870337
664207389
741553487
1078535518
666840348
1407546234
539735277
1433019528
735276523
605856332
100001318636153
100001318636153
678617820
757782297
528882752
527325718
100002118308129
635611045
100002917247206
1095912447
1726552988
822406958
612139859
717331372
748684729
538999781
3406950
1216363774
738530801
624560784
100003659098423
1244041885
1688520011
1081295783
593857939
697276719
16730
12501587
12501587
1406861103
678639327
599375428
665898382
838645549
581366009
669410573
1082153134
741110396
569091011
720388012
589575160
507785888
601846560
562207514
1018241059
713225946
717650868
556530277
1133400537
27902670
534539605
302800102
1072660700
1155304954
513365813
601071524
556354851
658751741
507669119
1066471937
532914907
1297527991
30713
1150301109
693061204
9801300
570538431
603409181
1294678371
518274100
837859
100000702393917
100001062359209
622343532
1263115686
518820415
654127033
1169803361
569945991
100000157533429
100002510767928
4203133
1210551451
752844519
578472337
793580611
729726783
538871170
502296404
574246213
562003174
1467476824
733279446
100000650435026
689146180
688783856
1068660029
608401510
10231695
786340433
1850111841
597001762
653795783
593341517
1317473732
634428612
1069860411
17301398
566703391
695520406
550248287
506813228
824774791
1376719589
100000113077971
585141119
2214401
669210665
714959863
791514637
530756784
586351092
649895105
649895105
616689622
739126018
100000314071215
581308143
1102531323
757012296
765755053
519387756
743088986
817012836
34273
594107133
14100972
656714041
100006617767948
564063781
681099313
1268121754
1710110421
522958417
537653715
508396065
1066994699
34600645
100000679331305
29803
1065323214
678911123
547203752
744747151
692657663
100001554807753
100003000042724
541775251
1419981107
100001683045519
1825721
658797403
627732432
587948244
531449158
823794011
855469343
568899251
1368644693
4517
532541986
100000429671275
795005410
1550926893
100000388434627
645422019
812718394
500839349
532230058
706276955
100001758015012
505324252
633125936
696562313
591769351
1091899182
100001142372285
1128720960
1311088719
1548445328
553621634
1669205225
615166065
1034492622
691555250
17401595
1071590556
1053907927
841121
649860546
560939368
3419079
538494111
528908451
522081211
556960313
24404062
100004748761594
562148783
568237883
539950294
100001779048359
751445902
16200257
10223975
1380270034
4303995
696696071
507516468
100001081444609
544414623
82801007
1319749676
100002307810434
646463337
24407177
830657
611811400
3429194
100002223146739
690964594
506417250
738237052
585202818
542632213
674702001
713888593
1640331977
823023571
510554440
565969245
692108994
650298433
8063
1917171
807857
781060166
1680517918
1135533698
674341208
674341208
827609767
827609767
1239666
1239666
709280388
709280388
526220915
526220915
37200030
37200030
688425019
688425019
12500718
12500718
698396646
698396646
600601577
600601577
731468776
731468776
823807
823807
502945301
502945301
707214730
707214730
618454902
618454902
2906919
2906919
690447904
690447904
511645656
511645656
3802944
3802944
669630284
669630284
100000194287367
100000194287367
1380120153
1380120153
100006432733209
100006432733209
791394677
791394677
650057463
650057463
1018524451
1018524451
611732681
611732681
901156
901156
522235931
522235931
185103369
185103369
4503669
4503669
100000155248596
100000155248596
666617992
666617992
65500954
65500954
796285486
796285486
541211611
541211611
1224609928
1224609928
1720158805
1720158805
3430802
3430802
10212210
10212210
653551039
653551039
500888105
500888105
11506480
11506480
596006212
596006212
100007817143105
100007817143105
508783938
508783938
1263638108
1263638108
82300188
82300188
12500333
12500333
1483130120
1483130120
563860892
563860892
1062900272
1062900272
631361131
631361131
43102576
43102576
42114141
42114141
753535653
753535653
1014715185
1014715185
604166695
604166695
100000287750370
100000287750370
664438563
664438563
100001422710709
100001422710709
1344412633
1344412633
29475
29475
535386193
535386193
1004171
1004171
657668779
657668779
635487495
635487495
710354664
710354664
614275179
614275179
639082938
639082938
503855880
503855880
100000958516047
100000958516047
100003933199852
100003933199852
1670
1670
1227212205
1227212205
1620046946
1620046946
561066209
561066209
720222039
720222039
734664539
734664539
540394391
540394391
15704231
15704231
1262374602
1262374602
651445922
651445922
615168209
615168209
416003
416003
1656229567
1656229567
626594677
626594677
536975277
536975277
1407821
1407821
17401719
17401719
1047164273
1047164273
1300794699
1300794699
843355146
843355146
658744760
658744760
1508650043
1508650043
1358273252
1358273252
502176558
502176558
1472902049
1472902049
1512464181
1512464181
1914440
1914440
1375434831
1375434831
8400055
8400055
1396954046
1396954046
1074218752
1074218752
628079652
628079652
740039920
740039920
100000464974915
100000464974915
1627947344
1627947344
583956262
583956262
516445224
516445224
100001087182541
100001087182541
1163261865
1163261865
8400847
8400847
783650787
783650787
586699972
586699972
1001976622
1001976622
1387467038
1387467038
100005619728167
100005619728167
4302465
4302465
583702148
583702148
768913877
768913877
886350146
886350146
739884801
739884801
1657607819
1657607819
603912027
603912027
716546829
716546829
526133659
526133659
100000129766675
100000129766675
535197498
535197498
1307820334
1307820334
723580841
723580841
691089418
691089418
100004033212214
100004033212214
693334396
693334396
694251916
694251916
791533568
791533568
100000119576859
100000119576859
515356917
515356917
870870337
870870337
664207389
664207389
741553487
741553487
1078535518
1078535518
666840348
666840348
1407546234
1407546234
539735277
539735277
735276523
1433019528
1433019528
735276523
605856332
605856332
678617820
678617820
757782297
757782297
528882752
528882752
527325718
527325718
100002118308129
100002118308129
635611045
635611045
100002917247206
100002917247206
1095912447
1095912447
822406958
822406958
1726552988
1726552988
612139859
612139859
717331372
717331372
748684729
748684729
538999781
538999781
3406950
3406950
1216363774
1216363774
738530801
738530801
624560784
624560784
100003659098423
100003659098423
1244041885
1244041885
1688520011
1688520011
1081295783
1081295783
593857939
593857939
697276719
697276719
16730
16730
1406861103
1406861103
678639327
678639327
599375428
599375428
665898382
665898382
838645549
838645549
581366009
581366009
669410573
669410573
1082153134
1082153134
741110396
741110396
569091011
569091011
720388012
720388012
589575160
589575160
507785888
507785888
601846560
601846560
562207514
562207514
1018241059
1018241059
713225946
713225946
717650868
717650868
556530277
556530277
1133400537
1133400537
27902670
27902670
534539605
534539605
302800102
302800102
1072660700
1072660700
1155304954
1155304954
513365813
513365813
601071524
601071524
556354851
556354851
507669119
507669119
658751741
658751741
1066471937
1066471937
532914907
532914907
1297527991
1297527991
30713
30713
1150301109
1150301109
693061204
9801300
570538431
570538431
603409181
603409181
693061204
9801300
1294678371
1294678371
518274100
518274100
837859
837859
100000702393917
100000702393917
100001062359209
100001062359209
622343532
622343532
1263115686
1263115686
518820415
518820415
654127033
654127033
1169803361
1169803361
569945991
569945991
100000157533429
100000157533429
100002510767928
100002510767928
4203133
4203133
1210551451
1210551451
752844519
752844519
578472337
578472337
793580611
793580611
729726783
729726783
538871170
538871170
502296404
502296404
574246213
562003174
562003174
574246213
1467476824
733279446
733279446
1467476824
100000650435026
100000650435026
689146180
689146180
688783856
688783856
1068660029
1068660029
608401510
608401510
10231695
10231695
786340433
786340433
1850111841
1850111841
597001762
597001762
653795783
653795783
1317473732
1317473732
593341517
593341517
634428612
634428612
1069860411
1069860411
17301398
17301398
566703391
566703391
695520406
695520406
550248287
550248287
506813228
506813228
824774791
824774791
1376719589
1376719589
100000113077971
100000113077971
585141119
585141119
2214401
2214401
669210665
669210665
714959863
714959863
791514637
791514637
530756784
530756784
586351092
586351092
616689622
616689622
739126018
739126018
100000314071215
100000314071215
581308143
581308143
1102531323
1102531323
757012296
757012296
765755053
765755053
519387756
519387756
743088986
743088986
817012836
817012836
34273
34273
594107133
594107133
14100972
14100972
656714041
100006617767948
100006617767948
656714041
564063781
564063781
681099313
681099313
1268121754
1268121754
1710110421
1710110421
522958417
522958417
537653715
537653715
508396065
508396065
1066994699
1066994699
34600645
34600645
100000679331305
100000679331305
29803
29803
1065323214
1065323214
678911123
678911123
547203752
547203752
744747151
744747151
692657663
692657663
100001554807753
100001554807753
100003000042724
100003000042724
541775251
541775251
100001683045519
1419981107
1825721
1825721
100001683045519
1419981107
658797403
658797403
627732432
627732432
587948244
587948244
823794011
531449158
531449158
823794011
855469343
855469343
568899251
568899251
1368644693
1368644693
4517
4517
532541986
532541986
100000429671275
100000429671275
795005410
795005410
1550926893
1550926893
100000388434627
100000388434627
645422019
645422019
812718394
812718394
500839349
500839349
532230058
532230058
706276955
706276955
100001758015012
100001758015012
505324252
505324252
696562313
696562313
633125936
633125936
591769351
591769351
1091899182
1091899182
100001142372285
100001142372285
1128720960
1128720960
1311088719
1311088719
1548445328
1548445328
553621634
553621634
1669205225
1669205225
615166065
615166065
1034492622
1034492622
691555250
691555250
17401595
17401595
1071590556
1071590556
1053907927
1053907927
841121
841121
649860546
649860546
560939368
560939368
3419079
3419079
538494111
538494111
528908451
528908451
522081211
522081211
556960313
556960313
24404062
24404062
100004748761594
100004748761594
562148783
562148783
568237883
568237883
539950294
539950294
100001779048359
100001779048359
751445902
751445902
16200257
16200257
10223975
10223975
1380270034
1380270034
4303995
4303995
696696071
696696071
507516468
507516468
100001081444609
100001081444609
544414623
544414623
82801007
82801007
1319749676
1319749676
100002307810434
100002307810434
646463337
646463337
24407177
24407177
830657
830657
611811400
611811400
3429194
3429194
100002223146739
100002223146739
690964594
690964594
506417250
506417250
738237052
738237052
585202818
585202818
542632213
542632213
674702001
674702001
713888593
713888593
1640331977
1640331977
823023571
823023571
510554440
510554440
565969245
565969245
692108994
692108994
650298433
650298433
1917171
8063
8063
1917171
807857
807857
781060166
781060166
1680517918
1680517918
1135533698
1135533698
